0 0.024504854354830345 0.03005979269501477 0.046459688335802524 0.04456071722826839 0.029492746342435535 0.029492746342435535 0.3891444617534779 0.08040837794049036  
2 0.43120972343956854 0.030108692385562325 0.046459688335802524 0.04456071722826839 0.03160932383916887 0.03160932383916887 0.2171672545804233 0.08809946448668253  
5 0.029844677931848525 0.2795949276820983 0.04291594922630032 0.04456071722826839 0.029278017290662327 0.029278017290662327 0.38824481115790654 0.1502453841639647  
8 0.0245537540453779 0.030108692385562325 0.046459688335802524 0.04456071722826839 0.02954164603298309 0.02954164603298309 0.21509957677423752 0.08809946448668253  
14 0.0245537540453779 0.030108692385562325 0.046459688335802524 0.04456071722826839 0.02954164603298309 0.02954164603298309 0.21509957677423752 0.08809946448668253  
15 0.0245537540453779 0.030108692385562325 0.046459688335802524 0.04456071722826839 0.02954164603298309 0.02954164603298309 0.21509957677423752 0.08809946448668253  
17 0.0245537540453779 0.030108692385562325 0.046459688335802524 0.04456071722826839 0.02954164603298309 0.02954164603298309 0.21509957677423752 0.08809946448668253  
18 0.0245537540453779 0.030108692385562325 0.046459688335802524 0.04456071722826839 0.02954164603298309 0.02954164603298309 0.21509957677423752 0.08809946448668253  
20 0.0245537540453779 0.030108692385562325 0.046459688335802524 0.04456071722826839 0.02954164603298309 0.02954164603298309 0.21509957677423752 0.08809946448668253  
22 0.0245537540453779 0.030108692385562325 0.046459688335802524 0.04456071722826839 0.02954164603298309 0.02954164603298309 0.21509957677423752 0.08809946448668253  
24 0.0245537540453779 0.030108692385562325 0.046459688335802524 0.04456071722826839 0.02954164603298309 0.02954164603298309 0.21509957677423752 0.08809946448668253  
27 0.0245537540453779 0.030108692385562325 0.046459688335802524 0.04456071722826839 0.02954164603298309 0.02954164603298309 0.21509957677423752 0.08809946448668253  
28 0.0245537540453779 0.030108692385562325 0.046459688335802524 0.04456071722826839 0.02954164603298309 0.02954164603298309 0.21509957677423752 0.08809946448668253  
