1 2,3,4,5,6,7 100,100,100,100,100,100 
2 1,5,6,25,28,29 100,100,100,10,10,10  
3 1,4,7,11,12,21 100,100,100,10,10,10
4 1,3,6,11,13,15 100,100,100,10,10,10
5 1,2,7,18,26 100,100,100,10,10
6 1,2,4,8,9,10 100,100,100,10,10,10
7 1,3,5,12,19,22 100,100,100,10,10,10
8 6,29 10,2
9 6 10
10 6 10
11 3,4,15 10,10,2
12 3,7,16 10,10,2
13 4 10
14 17,20 2,2 
15 4,11,20 10,2,2
16 12,24 2,2
17 11,14,20 2,2,2
18 5 10
19 7 10
20 14,15,17 2,2,2
21 3 10
22 7 10
23 27,26 2,2
24 16 2
25 2,27,29 10,2,2
26 5,23,28 10,2,2
27 23,25,28 2,2,2
28 2,26,27 10,2,2 
29 2,8,25 10,2,2
